4294967278,60
4294967278,59
4294967278,58
4294967278,56
4294967279,60
4294967279,59
4294967279,57
4294967279,51
4294967279,50
4294967279,49
4294967279,41
4294967279,34
4294967279,31
4294967279,30
4294967279,289
4294967278,186
4294967294,964
4294967294,963
4294967294,962
4294967294,961
4294967294,960
4294967294,918
4294967294,916
4294967294,915
4294967294,912
4294967294,911
4294967294,910
4294967294,909
4294967294,905
4294967294,901
4294967294,900
4294967294,899
4294967294,898
4294967294,421
4294967294,401
4294967294,190
4294967294,185
4294967294,182
4294967294,176
4294967294,173
4294967294,162
4294967294,161
4294967279,22
4294967279,17
4294967279,16
4294967279,14
4294967279,551
4294967278,364
4294967278,305
4294967279,550
4294967279,178
4294967279,173
508,6
508,5
508,4
508,3
508,2
508,1
4294967278,440
4294967279,267
4294967278,163
4294967279,162
4294967279,161
4294967279,345
505,6
4294967278,344
4294967279,302
4294967279,382
4294967279,381
4294967279,532
4294967279,293
505,5
4294967278,146
4294967279,144
505,4
4294967278,144
505,3
505,2
505,1
4294967279,143
4294967278,139
4294967294,907
4294967294,902
4294967294,966
4294967294,170
4294967294,917
4294967279,135
4294967279,569
4294967278,287
503,6
503,5
503,4
503,3
503,2
503,1
4294967279,549
4294967278,274
4294967279,548
4294967278,292
4294967279,288
4294967279,260
4294967279,0
4294967278,425
4294967279,322
4294967278,275
4294967278,281
4294967279,274
4294967278,430
4294967279,383
4294967279,361
4294967278,291
4294967279,515
4294967294,115
4294967278,393
500,6
500,5
500,4
4294967278,253
500,3
500,2
500,1
4294967294,1417
4294967278,235
4294967278,445
4294967279,242
4294967278,240
4294967278,237
4294967279,229
4294967294,1418
4294967294,178
4294967294,183
4294967294,414
4294967294,461
4294967294,116
4294967294,184
4294967278,381
4294967278,347
4294967278,351
4294967278,380
4294967278,213
4294967278,212
4294967279,212
497,5
497,4
497,3
497,2
497,1
4294967278,207
4294967294,388
4294967294,89
4294967294,163
4294967294,965
4294967294,914
4294967279,203
4294967278,312
495,6
4294967294,1419
4294967278,200
4294967279,202
495,5
495,4
495,3
495,2
495,1
4294967279,197
4294967279,547
494,5
4294967279,193
494,4
494,3
494,2
494,1
4294967279,529
493,5
493,4
493,3
493,2
493,1
4294967278,388
4294967279,331
4294967278,327
492,5
492,4
492,3
492,2
492,1
4294967278,302
4294967279,546
4294967278,171
4294967278,416
4294967294,393
4294967294,392
4294967279,526
4294967279,545
4294967278,350
4294967279,377
4294967278,405
4294967294,469
4294967278,349
4294967278,157
4294967278,153
4294967278,333
0,7
4294967279,282
4294967279,544
4294967279,337
4294967278,315
4294967279,346
4294967294,1
4294967294,389
4294967294,390
4294967294,120
4294967294,114
4294967294,2
4294967294,44
4294967278,294
4294967278,432
4294967278,140
4294967279,360
4294967278,314
4294967279,303
4294967278,301
4294967278,406
4294967294,904
4294967294,186
4294967294,903
4294967294,29
4294967294,0
4294967294,107
4294967294,91
4294967294,90
4294967294,87
4294967294,86
4294967294,85
4294967294,84
4294967294,950
4294967294,921
4294967294,949
4294967294,419
4294967294,28
4294967294,946
4294967294,53
4294967294,45
4294967294,427
4294967294,40
4294967294,41
4294967294,38
4294967294,37
4294967294,36
4294967294,96
4294967294,94
4294967278,348
4294967278,260
4294967294,9
4294967294,8
4294967294,7
4294967294,22
4294967279,543
4294967278,133
4294967294,46
4294967294,5
4294967278,422
4294967294,43
4294967294,417
4294967294,51
4294967294,920
4294967294,27
4294967294,92
4294967294,88
4294967294,81
4294967294,82
4294967294,1414
4294967294,83
4294967278,132
4294967278,313
4294967278,131
4294967278,310
4294967278,130
4294967278,129
4294967278,369
4294967278,128
4294967278,127
4294967278,126
4294967278,125
4294967278,124
4294967278,123
4294967278,122
4294967278,121
4294967278,120
4294967278,284
4294967278,119
4294967278,118
4294967278,117
4294967278,116
4294967278,115
4294967278,114
4294967278,113
4294967278,112
4294967278,111
4294967278,110
4294967278,109
4294967278,108
4294967278,107
4294967278,106
4294967278,105
4294967278,104
4294967278,103
4294967278,102
4294967278,101
4294967278,100
4294967278,99
4294967278,98
4294967278,97
4294967278,96
4294967278,95
4294967278,94
4294967278,93
4294967278,92
4294967278,91
4294967278,90
4294967278,89
4294967278,87
4294967278,86
4294967278,85
4294967278,84
4294967278,83
4294967278,82
4294967278,81
4294967278,80
4294967278,79
4294967278,78
4294967278,77
4294967278,76
4294967278,75
4294967278,74
4294967278,73
4294967278,72
4294967278,71
4294967278,70
4294967278,69
4294967278,68
4294967278,67
4294967278,66
4294967278,65
4294967278,64
4294967278,63
4294967278,62
4294967278,61
4294967278,0
4294967279,85
4294967279,83
4294967279,80
4294967279,78
4294967279,77
4294967279,75
4294967279,73
4294967279,71
4294967279,68
4294967279,66
4294967279,65
4294967279,63
4294967279,58
4294967279,56
4294967279,54
4294967279,48
4294967279,46
4294967279,44
4294967279,40
4294967279,39
4294967279,38
4294967279,36
4294967279,35
4294967279,33
4294967279,32
4294967279,28
4294967279,25
4294967279,23
4294967279,15
4294967279,9
4294967279,8
4294967279,7
4294967279,6
4294967279,5
4294967278,324
4294967294,12
4294967294,11
4294967294,68
4294967279,4
4294967279,13
4294967278,424
4294967278,265
4294967279,273
4294967279,351
4294967278,423
4294967278,262
489,6
489,5
4294967278,261
489,4
489,3
489,2
489,1
4294967279,541
4294967294,50
4294967294,470
4294967279,514
4294967294,39
4294967278,356
4294967279,513
4294967279,512
4294967279,319
4294967279,250
4294967278,254
4294967279,540
4294967278,354
4294967279,249
4294967279,248
4294967278,248
4294967294,424
0,5
4294967294,17
4294967294,99
4294967294,76
4294967294,67
4294967294,413
4294967294,948
4294967294,398
4294967294,403
4294967294,454
4294967294,465
4294967294,411
4294967294,404
4294967294,973
4294967294,967
4294967294,471
4294967294,25
4294967294,26
4294967294,52
4294967294,437
4294967294,970
4294967294,93
4294967294,95
4294967294,6
4294967294,42
4294967278,346
4294967293,131
